# microns, n, k
4.188790204786387306e-01 4.415158034069508020e+00 1.948000000000001730e+00
4.195783176747632792e-01 4.424292817183507864e+00 1.948999999999999400e+00
4.202799536574970407e-01 4.435701731059632280e+00 1.949999999999999512e+00
4.209839401795363867e-01 4.448629772726709675e+00 1.950999999999999401e+00
4.216902890724550934e-01 4.462527251305850484e+00 1.951999999999999513e+00
4.223990122473667563e-01 4.478328891466320627e+00 1.955749999999997879e+00
4.231101216955946431e-01 4.497110186906542850e+00 1.959499999999997799e+00
4.238236294893477640e-01 4.518848698642429440e+00 1.963249999999998163e+00
4.245395477824041031e-01 4.544479565073285876e+00 1.966999999999998083e+00
4.252578888108007327e-01 4.572507194649261031e+00 1.965250000000001052e+00
4.259786648935309228e-01 4.601678655916590088e+00 1.963500000000000911e+00
4.267018884332482997e-01 4.633882807694746475e+00 1.961750000000000993e+00
4.274275719169782772e-01 4.672310418245013253e+00 1.960000000000000853e+00
4.281557279168368146e-01 4.712023699863659765e+00 1.941250000000010356e+00
4.288863690907563364e-01 4.748264113465328506e+00 1.922500000000010756e+00
4.296195081832192009e-01 4.784968905436853603e+00 1.903750000000009601e+00
4.303551580259986631e-01 4.826634581562498028e+00 1.885000000000010001e+00
4.310933315389077203e-01 4.866711451728297000e+00 1.844000000000022732e+00
4.318340417305553958e-01 4.898516645148012216e+00 1.803000000000020142e+00
4.325773016991105724e-01 4.926076122735906893e+00 1.762000000000021105e+00
4.333231246330745412e-01 4.951724566805809857e+00 1.721000000000021846e+00
4.340715238120608221e-01 4.973801532041558282e+00 1.673000000000026688e+00
4.348225126075834224e-01 4.990328250064955284e+00 1.625000000000027756e+00
4.355761044838530882e-01 5.002411299132144329e+00 1.577000000000024382e+00
4.363323129985819948e-01 5.009882465869984536e+00 1.529000000000025450e+00
4.370911518037968735e-01 5.014198400725263127e+00 1.485000000000024301e+00
4.378526346466606878e-01 5.016619846585163245e+00 1.441000000000021375e+00
4.386167753703023586e-01 5.016224567720105831e+00 1.397000000000022446e+00
4.393835879146559820e-01 5.011678786967174837e+00 1.353000000000023517e+00
4.401530863173085950e-01 5.005141852782191592e+00 1.316250000000020348e+00
4.409252847143564913e-01 4.998713789978276090e+00 1.279500000000021176e+00
4.417001973412710836e-01 4.990831713188486063e+00 1.242750000000018673e+00
4.424778385337732600e-01 4.979913205627093831e+00 1.206000000000019501e+00
4.432582227287181764e-01 4.967992697066824448e+00 1.176500000000016311e+00
4.440413644649880420e-01 4.957120099503899979e+00 1.147000000000014452e+00
4.448272783843951195e-01 4.945767345107646484e+00 1.117500000000015037e+00
4.456159792325943836e-01 4.932621361558108930e+00 1.088000000000015843e+00
4.464074818600057282e-01 4.919050037798537112e+00 1.063750000000013518e+00
4.472018012227459427e-01 4.906455011367615526e+00 1.039500000000014079e+00
4.479989523835708476e-01 4.893645342004360188e+00 1.015250000000012420e+00
4.487989505128271994e-01 4.879522455877406628e+00 9.910000000000128706e-01
4.496018108894154208e-01 4.865269766604830792e+00 9.712500000000109379e-01
4.504075489017621003e-01 4.852100974938126754e+00 9.515000000000096714e-01
4.512161800488029284e-01 4.839023034596451112e+00 9.317500000000100702e-01
4.520277199409770130e-01 4.825187969957204004e+00 9.120000000000105800e-01
4.528421843012310211e-01 4.811417381309345487e+00 8.955000000000091775e-01
4.536595889660346437e-01 4.798564898666086265e+00 8.790000000000095515e-01
4.544799498864072751e-01 4.785897805898130741e+00 8.625000000000083711e-01
4.553032831289551274e-01 4.772801197278262464e+00 8.460000000000087450e-01
4.561296048769205580e-01 4.759820857696987595e+00 8.317500000000075389e-01
4.569589314312422768e-01 4.747525452673279744e+00 8.175000000000063327e-01
4.577912792116270446e-01 4.735381464027523357e+00 8.032500000000063478e-01
4.586266647576336397e-01 4.722916390808791220e+00 7.890000000000063629e-01
4.594651047297682034e-01 4.710551216924269369e+00 7.765000000000058522e-01
4.603066159105919652e-01 4.698717829886147612e+00 7.640000000000061187e-01
4.611512152058407921e-01 4.686979185911919643e+00 7.515000000000052749e-01
4.619989196455573932e-01 4.674903574635671966e+00 7.390000000000055413e-01
4.628497463852361271e-01 4.662938945422305359e+00 7.282500000000049489e-01
4.637037127069801867e-01 4.651540630288088174e+00 7.175000000000042455e-01
4.645608360206714416e-01 4.640298978309182587e+00 7.067500000000045413e-01
4.654211338651541019e-01 4.628835611270981865e+00 6.960000000000047260e-01
4.662846239094308176e-01 4.617533956915484517e+00 6.867500000000043014e-01
4.671513239538721551e-01 4.606789407026011141e+00 6.775000000000045430e-01
4.680212519314398967e-01 4.596265071660962320e+00 6.682500000000038964e-01
4.688944259089239397e-01 4.585682571471730640e+00 6.590000000000041380e-01
4.697708640881929076e-01 4.575282015141263869e+00 6.507500000000038254e-01
4.706505848074592491e-01 4.565317007016154172e+00 6.425000000000032907e-01
4.715336065425576595e-01 4.555558644709890359e+00 6.342500000000035332e-01
4.724199479082391573e-01 4.545834197512299113e+00 6.260000000000036646e-01
4.733096276594787599e-01 4.536234267436099366e+00 6.182500000000036300e-01
4.742026646927984812e-01 4.526850899081010127e+00 6.105000000000038174e-01
4.750990780476053721e-01 4.517512749438032493e+00 6.027500000000032276e-01
4.759988869075439943e-01 4.507975513605263274e+00 5.950000000000034150e-01
4.769021106018656586e-01 4.498611428887729247e+00 5.885000000000030207e-01
4.778087686068122619e-01 4.489809241350315894e+00 5.820000000000025153e-01
4.787188805470156683e-01 4.481387539766473083e+00 5.755000000000026761e-01
4.796324661969145753e-01 4.473400275038803109e+00 5.690000000000028368e-01
4.805495454821858692e-01 4.465448498017160261e+00 5.615000000000034408e-01
4.814701384811938545e-01 4.457125640138771772e+00 5.540000000000036007e-01
4.823942654264553598e-01 4.448456783954519267e+00 5.465000000000032054e-01
4.833219467061216079e-01 4.439151960262112340e+00 5.390000000000033653e-01
4.842532028654782383e-01 4.429849485938667897e+00 5.335000000000026388e-01
4.851880546084618717e-01 4.421175299351697063e+00 5.280000000000022453e-01
4.861265227991938831e-01 4.412782943392563162e+00 5.225000000000022959e-01
4.870686284635333818e-01 4.404483575212131186e+00 5.170000000000024576e-01
4.880143927906470114e-01 4.396379659532462014e+00 5.120000000000023421e-01
4.889638371345976786e-01 4.388596327039268274e+00 5.070000000000024487e-01
4.899169830159517125e-01 4.381035238570735402e+00 5.020000000000021112e-01
4.908738521234047303e-01 4.373681084690715259e+00 4.970000000000022178e-01
4.918344663154270435e-01 4.366411983787163997e+00 4.917500000000024629e-01
4.927988476219279379e-01 4.359105304752343812e+00 4.865000000000020974e-01
4.937670182459395485e-01 4.351741728787695607e+00 4.812500000000021760e-01
4.947390005653213296e-01 4.344197611021954231e+00 4.760000000000023102e-01
4.957148171344836762e-01 4.336700719351663125e+00 4.715000000000020841e-01
4.966944906861328057e-01 4.329474780450194515e+00 4.670000000000021911e-01
4.976780441330361238e-01 4.322377310415625118e+00 4.625000000000019096e-01
4.986655005698079623e-01 4.315317376229579338e+00 4.580000000000020166e-01
4.996568832747181332e-01 4.308340666554773435e+00 4.537500000000019851e-01
5.006522157115204097e-01 4.301495772176830101e+00 4.495000000000017315e-01
5.016515215313038789e-01 4.294702577358672002e+00 4.452500000000018110e-01
5.026548245743664989e-01 4.287856643017860847e+00 4.410000000000018905e-01
5.036621488721106932e-01 4.281099936198812017e+00 4.372500000000017484e-01
5.046735186489622604e-01 4.274577931880543247e+00 4.335000000000018283e-01
5.056889583243123765e-01 4.268198437031831993e+00 4.297500000000015752e-01
5.067084925144823560e-01 4.261922204360278243e+00 4.260000000000016551e-01
5.077321460347136162e-01 4.255721586771462839e+00 4.222500000000017351e-01
5.087599439011806224e-01 4.249569674205019965e+00 4.185000000000014819e-01
5.097919113330289242e-01 4.243429522673254795e+00 4.147500000000015619e-01
5.108280737544375061e-01 4.237213126328871482e+00 4.110000000000016418e-01
5.118684567967071164e-01 4.231072405986751939e+00 4.077500000000015001e-01
5.129130863003739105e-01 4.225160652827225860e+00 4.045000000000015805e-01
5.139619883173481840e-01 4.219393147196806026e+00 4.012500000000013833e-01
5.150151891130804183e-01 4.213739146505497857e+00 3.980000000000014637e-01
5.160727151687540815e-01 4.208182421442053567e+00 3.947500000000015441e-01
5.171345931835046317e-01 4.202714339400888122e+00 3.915000000000012914e-01
5.182008500766664971e-01 4.197334795366149507e+00 3.882500000000013718e-01
5.192715129900480342e-01 4.192070329662811901e+00 3.850000000000014522e-01
5.203466092902343521e-01 4.186826547192068482e+00 3.815000000000016156e-01
5.214261665709195581e-01 4.181504184178589156e+00 3.780000000000017235e-01
5.225102126552666482e-01 4.176110498980428076e+00 3.745000000000014984e-01
5.235987755982983716e-01 4.170573277878119711e+00 3.710000000000015508e-01
5.246918836893177396e-01 4.165052113520021138e+00 3.680000000000013816e-01
5.257895654543582875e-01 4.159703899851264097e+00 3.650000000000012124e-01
5.268918496586650901e-01 4.154444524448926757e+00 3.620000000000012652e-01
5.279987653092084177e-01 4.149240765105787432e+00 3.590000000000013181e-01
5.291103416572278118e-01 4.144069589482780813e+00 3.560000000000013709e-01
5.302266082008084691e-01 4.138907638679135914e+00 3.530000000000014238e-01
5.313475946874910427e-01 4.133720634907684932e+00 3.500000000000012546e-01
5.324733311169136396e-01 4.128422415109507249e+00 3.470000000000013074e-01
5.336038477434887906e-01 4.123165865048619594e+00 3.445000000000011386e-01
5.347391750791132825e-01 4.118104201001263398e+00 3.420000000000009699e-01
5.358793438959130739e-01 4.113151156616645210e+00 3.395000000000010787e-01
5.370243852290239595e-01 4.108272125262644181e+00 3.370000000000011320e-01
5.381743303794073174e-01 4.103442821925535000e+00 3.345000000000011853e-01
5.393292109167021620e-01 4.098637672191128623e+00 3.320000000000012386e-01
5.404890586821144982e-01 4.093815840653883598e+00 3.295000000000010698e-01
5.416539057913432043e-01 4.088861609736094138e+00 3.270000000000011231e-01
5.428237846375447706e-01 4.084023746026684165e+00 3.252500000000008162e-01
5.439987278943360094e-01 4.079564045790011306e+00 3.235000000000007314e-01
5.451787685188356214e-01 4.075417348048792299e+00 3.217500000000007576e-01
5.463639397547461751e-01 4.071727419055363839e+00 3.200000000000007838e-01
5.475542751354753879e-01 4.068055358912503472e+00 3.170000000000013918e-01
5.487498084872995951e-01 4.063956482682998583e+00 3.140000000000014446e-01
5.499505739325672993e-01 4.059554642206494535e+00 3.110000000000012754e-01
5.511566058929456835e-01 4.054711182738519604e+00 3.080000000000013283e-01
5.523679390927103139e-01 4.049852658371083436e+00 3.062500000000007994e-01
5.535846085620776957e-01 4.045394959955872949e+00 3.045000000000007145e-01
5.548066496405811288e-01 4.041151762902938316e+00 3.027500000000007407e-01
5.560340979804938577e-01 4.037067659855655855e+00 3.010000000000007669e-01
5.572669895502954107e-01 4.033121117684752122e+00 2.992500000000007931e-01
5.585053606381849001e-01 4.029307937606731116e+00 2.975000000000007638e-01
5.597492478556419515e-01 4.025642997166863246e+00 2.957500000000006235e-01
5.609986881410340409e-01 4.022197464852467874e+00 2.940000000000005942e-01
5.622537187632734579e-01 4.018805974027721106e+00 2.917500000000008420e-01
5.635143773255230082e-01 4.015304171971875391e+00 2.895000000000007012e-01
5.647807017689511211e-01 4.011767716289685204e+00 2.872500000000007270e-01
5.660527303765388041e-01 4.008220268522903140e+00 2.850000000000007527e-01
5.673305017769372238e-01 4.004673584896330851e+00 2.827500000000008340e-01
5.686140549483782447e-01 4.001136535144746098e+00 2.805000000000009153e-01
5.699034292226377030e-01 3.997621414137911167e+00 2.782500000000007745e-01
5.711986642890527488e-01 3.994164510893384090e+00 2.760000000000008002e-01
5.724998001985950324e-01 3.990680087309010027e+00 2.735000000000009646e-01
5.738068773679982915e-01 3.987078131397016723e+00 2.710000000000007958e-01
5.751199365839433364e-01 3.983379716950851801e+00 2.685000000000008491e-01
5.764390190073009901e-01 3.979550367235054953e+00 2.660000000000009024e-01
5.777641661774326476e-01 3.975664099459164547e+00 2.637500000000008726e-01
5.790954200165511212e-01 3.971784380447885177e+00 2.615000000000008984e-01
5.804328228341414375e-01 3.967833880170858585e+00 2.592500000000007576e-01
5.817764173314426968e-01 3.963681345263960765e+00 2.570000000000007834e-01
5.831262466059935479e-01 3.959559356890657078e+00 2.555000000000005600e-01
5.844823541562401692e-01 3.955703236266263190e+00 2.540000000000004476e-01
5.858447838862079760e-01 3.951990752929980033e+00 2.525000000000005018e-01
5.872135801102411623e-01 3.948379388688685765e+00 2.510000000000005560e-01
5.885887875578060813e-01 3.944845979519215895e+00 2.495000000000005547e-01
5.899704513783643467e-01 3.941373543746627739e+00 2.480000000000006088e-01
5.913586171463135477e-01 3.937943631003754774e+00 2.465000000000004965e-01
5.927533308659981293e-01 3.934515392163096870e+00 2.450000000000005229e-01
5.941546389767924374e-01 3.931171984429751909e+00 2.437500000000004663e-01
5.955625883582541524e-01 3.928004646282462708e+00 2.425000000000003819e-01
5.969772263353521069e-01 3.925004095621017264e+00 2.412500000000004086e-01
5.983986006837695992e-01 3.922264948506430926e+00 2.400000000000004352e-01
5.998267596352820918e-01 3.919526151294032701e+00 2.380000000000007387e-01
6.012617518832135133e-01 3.916518967659855299e+00 2.360000000000006259e-01
6.027036265879693877e-01 3.913308914749059397e+00 2.340000000000006797e-01
6.041524333826520099e-01 3.909778016980913762e+00 2.320000000000007334e-01
6.056082223787547791e-01 3.906268116384749689e+00 2.310000000000003995e-01
6.070710441719402439e-01 3.903118043034312201e+00 2.300000000000003153e-01
6.085409498479013024e-01 3.900193400627991025e+00 2.290000000000003422e-01
6.100179909883087781e-01 3.897493218510806656e+00 2.280000000000003690e-01
6.115022196768448159e-01 3.894927824395822746e+00 2.267500000000004790e-01
6.129936885053249851e-01 3.892428410938943983e+00 2.255000000000003946e-01
6.144924505799100878e-01 3.890080445607362769e+00 2.242500000000004212e-01
6.159985595274098946e-01 3.888072990521598715e+00 2.230000000000004479e-01
6.175120695016786954e-01 3.885984416925029272e+00 2.205000000000009452e-01
6.190330351901065509e-01 3.883371052231263221e+00 2.180000000000007765e-01
6.205615118202055802e-01 3.880335633445548993e+00 2.155000000000008298e-01
6.220975551662951686e-01 3.876640210004390852e+00 2.130000000000008831e-01
6.236412215562858741e-01 3.872975424335172612e+00 2.125000000000001887e-01
6.251925678785652529e-01 3.870035902478217160e+00 2.120000000000001605e-01
6.267516515889856032e-01 3.867593231416664779e+00 2.115000000000001601e-01
6.283185307179580681e-01 3.865785886486313050e+00 2.110000000000001597e-01
6.298932638776522097e-01 3.864086261401606492e+00 2.090000000000007407e-01
6.314759102693046078e-01 3.861982704813833323e+00 2.070000000000007112e-01
6.330665296906379247e-01 3.859683663746219295e+00 2.050000000000006817e-01
6.346651825433919925e-01 3.857217933805619392e+00 2.030000000000007354e-01
6.362719298409701407e-01 3.854698576275121358e+00 2.012500000000006783e-01
6.378868332162010990e-01 3.852228801135013647e+00 1.995000000000006213e-01
6.395099549292194707e-01 3.849796756258322183e+00 1.977500000000005920e-01
6.411413578754674436e-01 3.847462901293273951e+00 1.960000000000006182e-01
6.427811055938189577e-01 3.845047151264660901e+00 1.937500000000008660e-01
6.444292622748287735e-01 3.842357139667583077e+00 1.915000000000008085e-01
6.460858927691085496e-01 3.839406838832886137e+00 1.892500000000007510e-01
6.477510625958330381e-01 3.836024832934316731e+00 1.870000000000008045e-01
6.494248379513778424e-01 3.832622979570561750e+00 1.860000000000003872e-01
6.511072857180912887e-01 3.829609229018428707e+00 1.850000000000003586e-01
6.527984734732031891e-01 3.826792012136098986e+00 1.840000000000003300e-01
6.544984694978729367e-01 3.824111768601108352e+00 1.830000000000003568e-01
6.562073427863791553e-01 3.821542910062865950e+00 1.820000000000003837e-01
6.579251630554534547e-01 3.819076450555892954e+00 1.810000000000003550e-01
6.596520007537617358e-01 3.816720747007965819e+00 1.800000000000003264e-01
6.613879270715348202e-01 3.814537105059673472e+00 1.790000000000003533e-01
6.631330139503515131e-01 3.812343823903478146e+00 1.775000000000005462e-01
6.648873340930773201e-01 3.809946124951336444e+00 1.760000000000005171e-01
6.666509609739608155e-01 3.807352139318682660e+00 1.745000000000004881e-01
6.684239688488915476e-01 3.804362847877509779e+00 1.730000000000005145e-01
6.702064327658219245e-01 3.801489461051076546e+00 1.729999999999999871e-01
6.719984285753561881e-01 3.799254102412652934e+00 1.729999999999999871e-01
6.738000329415100298e-01 3.797494748224264249e+00 1.729999999999999871e-01
6.756113233526430673e-01 3.796343065791699445e+00 1.729999999999999871e-01
6.774323781325692906e-01 3.795379294141755899e+00 1.717500000000004023e-01
6.792632764518465871e-01 3.794210067997538349e+00 1.705000000000003735e-01
6.811040983392500081e-01 3.793078468554310856e+00 1.692500000000003724e-01
6.829549246934326634e-01 3.792229149765663720e+00 1.680000000000003990e-01
6.848158372947771300e-01 3.791275315644814903e+00 1.655000000000008409e-01
6.866869188174404837e-01 3.789808394385123069e+00 1.630000000000007832e-01
6.885682528415979498e-01 3.787989913147039367e+00 1.605000000000007254e-01
6.904599238658879479e-01 3.785762657119458918e+00 1.580000000000007787e-01
6.923620173200639716e-01 3.783385104489608075e+00 1.562500000000005829e-01
6.942746195778541907e-01 3.781085872304893236e+00 1.545000000000005536e-01
6.961978179700366587e-01 3.778682440283537503e+00 1.527500000000004965e-01
6.981317007977312361e-01 3.775868046117159427e+00 1.510000000000005504e-01
7.000763573459142242e-01 3.773329909657900050e+00 1.512499999999999123e-01
7.020318778971598173e-01 3.771810236117326909e+00 1.514999999999999125e-01
7.039983537456113716e-01 3.771218929161264555e+00 1.517499999999999127e-01
7.059758772111888181e-01 3.772175213508795366e+00 1.519999999999999130e-01
7.079645416540372160e-01 3.773071990469818004e+00 1.475000000000014910e-01
7.099644414892181121e-01 3.772290435538863562e+00 1.430000000000014038e-01
7.119756722016522543e-01 3.770420384082338927e+00 1.385000000000013165e-01
7.139983303613159915e-01 3.767263105007421231e+00 1.340000000000013958e-01
7.160325136386985756e-01 3.763811408591021923e+00 1.322500000000005893e-01
7.180783208205234747e-01 3.761017246391637592e+00 1.305000000000005600e-01
7.201358518257399144e-01 3.758506638386607257e+00 1.287500000000005029e-01
7.222052077217908650e-01 3.756235046082611273e+00 1.270000000000005569e-01
7.242864907411620257e-01 3.753980373430551687e+00 1.247500000000007492e-01
7.263798042982174685e-01 3.751536029318439880e+00 1.225000000000006917e-01
7.284852530063282705e-01 3.748925570867045032e+00 1.202500000000006480e-01
7.306029426953001282e-01 3.746045929314661294e+00 1.180000000000006877e-01
7.327329804291056181e-01 3.743142437900446318e+00 1.165000000000004921e-01
7.348754745239275410e-01 3.740459559267421241e+00 1.150000000000004630e-01
7.370305345665197905e-01 3.737887118145858167e+00 1.135000000000004339e-01
7.391982714328918513e-01 3.735418088900444022e+00 1.120000000000004742e-01
7.413787973073251436e-01 3.732941732172874616e+00 1.102500000000005836e-01
7.435722257017255421e-01 3.730346802770376780e+00 1.085000000000005405e-01
7.457786714753211754e-01 3.727625430775949322e+00 1.067500000000004973e-01
7.479982508547119435e-01 3.724665737263974652e+00 1.050000000000005373e-01
7.502310814542781925e-01 3.721708169567547575e+00 1.040000000000003283e-01
7.524772822969557629e-01 3.718992019384538938e+00 1.030000000000003135e-01
7.547369738353850721e-01 3.716397190725749144e+00 1.020000000000002988e-01
7.570102779734434462e-01 3.713882569255962274e+00 1.010000000000003118e-01
7.592973180881668060e-01 3.711426390355466509e+00 1.000000000000003386e-01
7.615982190520703687e-01 3.709014194846493861e+00 9.900000000000030997e-02
7.639131072558761337e-01 3.706634576612576559e+00 9.800000000000029521e-02
7.662421106316561481e-01 3.704276932791359833e+00 9.700000000000030820e-02
7.685853586764012091e-01 3.701929489393120498e+00 9.600000000000032119e-02
7.709429824760222205e-01 3.699576186087877527e+00 9.500000000000029254e-02
7.733151147297946393e-01 3.697188443822148507e+00 9.400000000000025002e-02
7.757018897752568920e-01 3.694685204794132094e+00 9.300000000000026301e-02
7.781034436135703114e-01 3.692224343853034441e+00 9.250000000000013767e-02
7.805199139353515836e-01 3.689964651050589239e+00 9.200000000000013722e-02
7.829514401469882534e-01 3.687826269912740429e+00 9.150000000000012290e-02
7.853981633974476129e-01 3.685782716690610528e+00 9.100000000000013634e-02
7.878602266055899639e-01 3.683821081083036297e+00 9.050000000000013589e-02
7.903377744879975797e-01 3.681934071200644532e+00 9.000000000000013545e-02
7.928309535873288016e-01 3.680117376570659626e+00 8.950000000000012113e-02
7.953399123012127037e-01 3.678368560801848819e+00 8.900000000000013456e-02
7.978648009116927620e-01 3.676686539142020038e+00 8.850000000000013411e-02
8.004057716152331858e-01 3.675071329799570741e+00 8.800000000000013367e-02
8.029629785533011210e-01 3.673523960495075791e+00 8.750000000000011935e-02
8.055365778435359392e-01 3.672046485757596734e+00 8.700000000000013278e-02
8.081267276115216003e-01 3.670642108327933251e+00 8.650000000000014622e-02
8.107335880231717473e-01 3.669315428717303984e+00 8.600000000000013189e-02
8.133573213177450745e-01 3.668072889740363607e+00 8.550000000000013145e-02
8.159980918415039586e-01 3.666923569485406098e+00 8.500000000000014488e-02
8.186560660820300095e-01 3.665880697562307944e+00 8.450000000000014444e-02
8.213314127032131928e-01 3.664964975249292767e+00 8.400000000000014400e-02
8.240243025809286248e-01 3.664213856121067536e+00 8.350000000000012967e-02
8.267349088394184697e-01 3.663725038731187489e+00 8.300000000000014311e-02
8.294634068883933731e-01 3.663353906279867012e+00 8.197500000000029763e-02
8.322099744608716376e-01 3.662971698130792042e+00 8.095000000000027174e-02
8.349747916517715751e-01 3.662742536612513256e+00 7.992500000000024585e-02
8.377580409572774611e-01 3.662942857317109446e+00 7.890000000000027547e-02
8.405599073149939704e-01 3.663205134203914248e+00 7.640000000000103653e-02
8.433805781449101868e-01 3.662462819761762578e+00 7.280000000000096116e-02
8.462202433911893973e-01 3.661043329117468659e+00 7.070000000000051243e-02
8.490790955648082061e-01 3.659544950950780695e+00 6.860000000000054943e-02
8.519573297870617345e-01 3.658186674962557561e+00 6.750000000000030975e-02
8.548551438339565545e-01 3.657372606276405591e+00 6.640000000000029212e-02
8.577727381815127838e-01 3.656698962182629131e+00 6.460000000000043485e-02
8.607103160519973262e-01 3.655785655789364874e+00 6.280000000000048044e-02
8.636680834611106805e-01 3.655135075323951099e+00 6.200000000000022854e-02
8.666462492661490824e-01 3.655342316595751484e+00 6.120000000000021256e-02
8.696450252151669558e-01 3.655842681025109009e+00 5.900000000000053813e-02
8.726646259971639896e-01 3.656095723838788558e+00 5.680000000000058613e-02
8.757052692933212645e-01 3.656760544542906111e+00 5.570000000000029095e-02
8.787671758293119639e-01 3.660435545210907193e+00 5.719999999999959839e-02
8.818505694287130936e-01 3.669883646210798211e+00 5.540000000000040031e-02
8.849556770675465200e-01 3.672112891751008412e+00 2.710000000000753820e-02
8.880827289299759730e-01 3.664195473531989489e+00 1.652500000000305114e-02
8.912319584651887672e-01 3.654706887484882927e+00 5.950000000002818486e-03
8.944036024454919964e-01 3.644864220989658676e+00 3.820000000000520028e-03
8.975979010256543988e-01 3.636882354732234646e+00 1.690000000000567567e-03
9.008150978035240897e-01 3.629856404781241164e+00 1.129000000000161992e-03
9.040554398819540260e-01 3.623778845842996255e+00 5.680000000001495485e-04
9.073191779320695094e-01 3.618316241037482062e+00 4.090000000000388897e-04
9.106065662579102549e-01 3.613382924789652062e+00 2.500000000000423975e-04
9.139178628624843315e-01 3.608834236760286363e+00 1.915000000000156052e-04
9.172533295152672794e-01 3.604608271999825142e+00 1.330000000000129906e-04
9.206132318211840415e-01 3.600627055750752259e+00 7.475000000001164253e-05
9.239978392911147864e-01 3.596836364615225268e+00 1.650000000001293715e-05
9.274074254139601514e-01 3.593213703434765094e+00 0.000000000000000000e+00
9.308422677303082038e-01 3.589752868383722983e+00 0.000000000000000000e+00
9.343026479077444213e-01 3.586433304223603180e+00 0.000000000000000000e+00
9.377888518178478794e-01 3.583234937861783820e+00 0.000000000000000000e+00
9.413011696149183871e-01 3.580143438984881854e+00 0.000000000000000000e+00
9.448398958164783146e-01 3.577147529619376876e+00 0.000000000000000000e+00
9.484053293855971845e-01 3.574238000567676821e+00 0.000000000000000000e+00
9.519977738150879887e-01 3.571407168680388544e+00 0.000000000000000000e+00
9.556175372136243018e-01 3.568648525750121259e+00 0.000000000000000000e+00
9.592649323938291506e-01 3.565956492816030554e+00 0.000000000000000000e+00
9.629402769623879310e-01 3.563326240134237377e+00 0.000000000000000000e+00
9.666438934122432158e-01 3.560753551153299057e+00 0.000000000000000000e+00
9.703761092169235214e-01 3.558234717403031766e+00 0.000000000000000000e+00
9.741372569270667636e-01 3.555766455830246642e+00 0.000000000000000000e+00
9.779276742691954682e-01 3.553345842843533831e+00 0.000000000000000000e+00
9.817477042468094606e-01 3.550970261042620812e+00 0.000000000000000000e+00
9.855976952438556538e-01 3.548637355733978538e+00 0.000000000000000000e+00
9.894780011306426593e-01 3.546344999100818463e+00 0.000000000000000000e+00
9.933889813722658335e-01 3.544091260431607715e+00 0.000000000000000000e+00
9.973310011396159247e-01 3.541874381194506594e+00 0.000000000000000000e+00
1.001304431423040597e+00 3.539692754024358123e+00 0.000000000000000000e+00
1.005309649148732998e+00 3.537544904895509212e+00 0.000000000000000000e+00
1.009347037297924743e+00 3.535429477908881069e+00 0.000000000000000000e+00
1.013416985028964712e+00 3.533345222239419492e+00 0.000000000000000000e+00
1.017519887802361245e+00 3.531290980880619212e+00 0.000000000000000000e+00
1.021656147508875012e+00 3.529265680893032275e+00 0.000000000000000000e+00
1.025826172600748043e+00 3.527268324918491516e+00 0.000000000000000000e+00
1.030030378226160837e+00 3.525297983765215193e+00 0.000000000000000000e+00
1.034269186367009041e+00 3.523353789903462374e+00 0.000000000000000000e+00
1.038543025980096068e+00 3.521434931738920859e+00 0.000000000000000000e+00
1.042852333141839116e+00 3.519540648553387996e+00 0.000000000000000000e+00
1.047197551196596743e+00 3.517670226020271240e+00 0.000000000000000000e+00
1.051579130908716353e+00 3.515822992217263021e+00 0.000000000000000000e+00
1.055997530618416835e+00 3.513998314070540196e+00 0.000000000000000000e+00
1.060453216401617160e+00 3.512195594174898794e+00 0.000000000000000000e+00
1.064946662233827279e+00 3.510414267942453925e+00 0.000000000000000000e+00
1.069478350158226343e+00 3.508653801039386622e+00 0.000000000000000000e+00
1.074048770458047919e+00 3.506913687076073760e+00 0.000000000000000000e+00
1.078658421833404546e+00 3.505193445520643714e+00 0.000000000000000000e+00
1.083307811582686409e+00 3.503492619810169906e+00 0.000000000000000000e+00
1.087997455788671797e+00 3.501810775637093087e+00 0.000000000000000000e+00
1.092727879509492350e+00 3.500147499391482953e+00 0.000000000000000000e+00
1.097499616974599412e+00 3.498502396742083853e+00 0.000000000000000000e+00
1.102313211785891367e+00 3.496875091341446140e+00 0.000000000000000000e+00
1.107169217124155169e+00 3.495265223642042507e+00 0.000000000000000000e+00
1.112068195960987715e+00 3.493672449812027292e+00 0.000000000000000000e+00
1.117010721276370022e+00 3.492096440740553032e+00 0.000000000000000000e+00
1.121997376282068082e+00 3.490536881123746937e+00 0.000000000000000000e+00
1.127028754651045794e+00 3.488993468623524663e+00 0.000000000000000000e+00
1.132105460753077608e+00 3.487465913092256287e+00 0.000000000000000000e+00
1.137228109896756711e+00 3.485953935857045050e+00 0.000000000000000000e+00
1.142397328578105498e+00 3.484457269058172102e+00 0.000000000000000000e+00
1.147613754735996583e+00 3.482975655036704588e+00 0.000000000000000000e+00
1.152878038014601980e+00 3.481508845766908777e+00 0.000000000000000000e+00
1.158190840033102464e+00 3.480056602329521187e+00 0.000000000000000000e+00
1.163552834662885394e+00 3.478618694422266344e+00 0.000000000000000000e+00
1.168964708312480338e+00 3.477194899904535230e+00 0.000000000000000000e+00
1.174427160220482325e+00 3.475785004373268983e+00 0.000000000000000000e+00
1.179940902756728915e+00 3.474388800767510777e+00 0.000000000000000000e+00
1.185506661731996259e+00 3.473006088999256669e+00 0.000000000000000000e+00
1.191125176716508305e+00 3.471636675608507971e+00 0.000000000000000000e+00
1.196797201367539198e+00 3.470280373440587596e+00 0.000000000000000000e+00
1.202523503766427027e+00 3.468937001343990634e+00 0.000000000000000000e+00
1.208304866765304020e+00 3.467606383887192223e+00 0.000000000000000000e+00
1.214142088343880488e+00 3.466288351092964071e+00 0.000000000000000000e+00
1.220035981976617556e+00 3.464982738188869149e+00 0.000000000000000000e+00
1.225987377010649970e+00 3.463689385372765273e+00 0.000000000000000000e+00
1.231997119054819789e+00 3.462408137592229096e+00 0.000000000000000000e+00
1.238066070380213102e+00 3.461138844336852038e+00 0.000000000000000000e+00
1.244195110332590337e+00 3.459881359442530169e+00 0.000000000000000000e+00
1.250385135757130506e+00 3.458635540906919381e+00 0.000000000000000000e+00
1.256637061435916136e+00 3.457401250715213870e+00 0.000000000000000000e+00
1.262951820538609216e+00 3.456178354675649267e+00 0.000000000000000000e+00
1.269330365086784207e+00 3.454966722263947965e+00 0.000000000000000000e+00
1.275773666432402198e+00 3.453766226476238987e+00 0.000000000000000000e+00
1.282282715750934887e+00 3.452576743689771632e+00 0.000000000000000000e+00
1.288858524549657769e+00 3.451398153531013424e+00 0.000000000000000000e+00
1.295502125191666298e+00 3.450230338750591486e+00 0.000000000000000000e+00
1.302214571436182577e+00 3.449073185104683414e+00 0.000000000000000000e+00
1.308996938995746095e+00 3.447926581242440225e+00 0.000000000000000000e+00
1.315850326110907131e+00 3.446790418599033679e+00 0.000000000000000000e+00
1.322775854143069862e+00 3.445664591294048229e+00 0.000000000000000000e+00
1.329774668186154862e+00 3.444548996034831667e+00 0.000000000000000000e+00
1.336847937697783317e+00 3.443443532024547338e+00 0.000000000000000000e+00
1.343996857150712598e+00 3.442348100874623729e+00 0.000000000000000000e+00
1.351222646705286357e+00 3.441262606521346967e+00 0.000000000000000000e+00
1.358526552903693174e+00 3.440186955146383951e+00 0.000000000000000000e+00
1.365909849386865549e+00 3.439121055100968327e+00 0.000000000000000000e+00
1.373373837634881189e+00 3.438064816833564574e+00 0.000000000000000000e+00
1.380919847731776118e+00 3.437018152820813022e+00 0.000000000000000000e+00
1.388549239155708603e+00 3.435980977501572831e+00 0.000000000000000000e+00
1.396263401595462472e+00 3.434953207213887083e+00 0.000000000000000000e+00
1.404063755794319857e+00 3.433934760134720321e+00 0.000000000000000000e+00
1.411951754422377858e+00 3.432925556222294894e+00 0.000000000000000000e+00
1.419928882978436446e+00 3.431925517160943961e+00 0.000000000000000000e+00
1.427996660722632205e+00 3.430934566308253331e+00 0.000000000000000000e+00
1.436156641641047171e+00 3.429952628644494794e+00 0.000000000000000000e+00
1.444410415443581952e+00 3.428979630724102279e+00 0.000000000000000000e+00
1.452759608596434937e+00 3.428015500629200574e+00 0.000000000000000000e+00
1.461205885390600256e+00 3.427060167924996570e+00 0.000000000000000000e+00
1.469750949047855304e+00 3.426113563617008140e+00 0.000000000000000000e+00
1.478396542865783925e+00 3.425175620109965458e+00 0.000000000000000000e+00
1.487144451403451306e+00 3.424246271168382982e+00 0.000000000000000000e+00
1.495996501709424109e+00 3.423325451878653780e+00 0.000000000000000000e+00
1.504954564593911748e+00 3.422413098612627991e+00 0.000000000000000000e+00
1.514020555946887114e+00 3.421509148992591953e+00 0.000000000000000000e+00
1.523196438104140960e+00 3.420613541857592033e+00 0.000000000000000000e+00
1.532484221263312518e+00 3.419726217231023213e+00 0.000000000000000000e+00
1.541885964952044441e+00 3.418847116289438937e+00 0.000000000000000000e+00
1.551403779550514006e+00 3.417976181332516905e+00 0.000000000000000000e+00
1.561039827870703389e+00 3.417113355754131554e+00 0.000000000000000000e+00
1.570796326794895448e+00 3.416258584014483013e+00 0.000000000000000000e+00
1.580675548975995381e+00 3.415411811613226156e+00 0.000000000000000000e+00
1.590679824602425629e+00 3.414572985063585975e+00 0.000000000000000000e+00
1.600811543230466594e+00 3.413742051867358462e+00 0.000000000000000000e+00
1.611073155687072100e+00 3.412918960490822329e+00 0.000000000000000000e+00
1.621467176046343717e+00 3.412103660341479383e+00 0.000000000000000000e+00
1.631996183683008139e+00 3.411296101745596054e+00 0.000000000000000000e+00
1.642662825406426608e+00 3.410496235926541164e+00 0.000000000000000000e+00
1.653469817678837162e+00 3.409704014983815590e+00 0.000000000000000000e+00
1.664419948921743497e+00 3.408919391872842208e+00 0.000000000000000000e+00
1.675516081914555144e+00 3.408142320385405100e+00 0.000000000000000000e+00
1.686761156289820596e+00 3.407372755130738007e+00 0.000000000000000000e+00
1.698158191129616634e+00 3.406610651517251842e+00 0.000000000000000000e+00
1.709710287667913331e+00 3.405855965734849278e+00 0.000000000000000000e+00
1.721420632103994874e+00 3.405108654737813545e+00 0.000000000000000000e+00
1.733292498532298387e+00 3.404368676228257229e+00 0.000000000000000000e+00
1.745329251994328201e+00 3.403635988640099086e+00 0.000000000000000000e+00
1.757534351658624150e+00 3.402910551123532468e+00 0.000000000000000000e+00
1.769911354135093484e+00 3.402192323530018214e+00 0.000000000000000000e+00
1.782463916930377756e+00 3.401481266397706094e+00 0.000000000000000000e+00
1.795195802051309020e+00 3.400777340937352733e+00 0.000000000000000000e+00
1.808110879763908496e+00 3.400080509018631680e+00 0.000000000000000000e+00
1.821213132515820732e+00 3.399390733156885780e+00 0.000000000000000000e+00
1.834506659030534781e+00 3.398707976500293881e+00 0.000000000000000000e+00
1.847995678582229795e+00 3.398032202817392378e+00 0.000000000000000000e+00
1.861684535460616852e+00 3.397363376485003084e+00 0.000000000000000000e+00
1.875577703635695981e+00 3.396701462476506173e+00 0.000000000000000000e+00
1.889679791632956851e+00 3.396046426350451952e+00 0.000000000000000000e+00
1.903995547630176199e+00 3.395398234239534574e+00 0.000000000000000000e+00
1.918529864787658523e+00 3.394756852839848627e+00 0.000000000000000000e+00
1.933287786824486654e+00 3.394122249400520097e+00 0.000000000000000000e+00
1.948274513854133971e+00 3.393494391713548719e+00 0.000000000000000000e+00
1.963495408493619365e+00 3.392873248104027795e+00 0.000000000000000000e+00
1.978956002261285541e+00 3.392258787420593613e+00 0.000000000000000000e+00
1.994662002279232293e+00 3.391650979026159085e+00 0.000000000000000000e+00
2.010619298297465996e+00 3.391049792788910722e+00 0.000000000000000000e+00
2.026833970057929424e+00 3.390455199073544978e+00 0.000000000000000000e+00
2.043312295017750024e+00 3.389867168732783043e+00 0.000000000000000000e+00
2.060060756452322117e+00 3.389285673099071694e+00 0.000000000000000000e+00
2.077086051960192137e+00 3.388710683976555949e+00 0.000000000000000000e+00
2.094395102393193930e+00 3.388142173633252874e+00 0.000000000000000000e+00
