# Data from refractiveindex.info, ref: Aspnes and Studna 1983: n,k 0.21-0.83 µm,  Pettit Turner 1965: n 0.95-10 µm
# wl	n      k
0.2066	1.336  2.113
0.2101	1.301  2.183
0.2138	1.299  2.280
0.2175	1.325  2.383
0.2214	1.375  2.484
0.2254	1.426  2.562
0.2296	1.455  2.652
0.2339	1.482  2.802
0.2384	1.558  3.016
0.2431	1.745  3.291
0.2480	2.131  3.495
0.2530	2.546  3.514
0.2583	2.984  3.517
0.2638	3.560  3.223
0.2695	3.800  2.637
0.2755	3.697  2.186
0.2818	3.527  1.948
0.2883	3.384  1.826
0.2952	3.275  1.762
0.3024	3.196  1.735
0.3100	3.141  1.730
0.3179	3.108  1.744
0.3263	3.095  1.773
0.3351	3.103  1.816
0.3444	3.133  1.872
0.3542	3.193  1.948
0.3647	3.299  2.060
0.3757	3.576  2.209
0.3875	3.976  2.143
0.3999	4.415  1.735
0.4133	4.395  1.247
0.4275	4.256  0.964
0.4428	4.121  0.786
0.4592	4.004  0.667
0.4769	3.903  0.579
0.4959	3.818  0.511
0.5166	3.745  0.457
0.5391	3.682  0.416
0.5636	3.629  0.380
0.5904	3.585  0.347
0.6199	3.549  0.317
0.6525	3.517  0.293
0.6888	3.492  0.270
0.7293	3.476  0.242
0.7749	3.467  0.218
0.8266	3.456  0.203
0.9500	3.368844735286 	  0.0     
1.041	3.2988050172477	  0.0
1.131	3.2545396601635	  0.0
1.222	3.2237062625908	  0.0
1.312	3.2015809388635	  0.0
1.403	3.1847050947013	  0.0
1.493	3.1717333894043	  0.0
1.584	3.1612897417689	  0.0
1.674	3.152901326893	  0.0
1.765	3.1458961074522	  0.0
1.855	3.1400914995406	  0.0
1.946	3.1351117528466	  0.0
2.036	3.1308866155389	  0.0
2.127	3.1271847339019	  0.0
2.217	3.1239836166974	  0.0
2.308	3.121130090147	  0.0
2.398	3.1186231040899	  0.0
2.489	3.1163552869688	  0.0
2.579	3.1143354062363	  0.0
2.670	3.112484610963	  0.0
2.760	3.1108160675775	  0.0
2.851	3.10926956119	  0.0
2.941	3.1078600487943	  0.0
3.032	3.1065399722881	  0.0
3.122	3.1053248117315	  0.0
3.213	3.1041758777622	  0.0
3.303	3.1031085702337	  0.0
3.394	3.1020905736736	  0.0
3.484	3.1011369414853	  0.0
3.575	3.1002200337259	  0.0
3.665	3.0993544638304	  0.0
3.756	3.0985160778171	  0.0
3.846	3.0977190434823	  0.0
3.937	3.096941838663	  0.0
4.027	3.0961982229953	  0.0
4.118	3.09546867929	  0.0
4.208	3.0947666158822	  0.0
4.299	3.0940740515066	  0.0
4.389	3.0934041068237	  0.0
4.480	3.0927399793554	  0.0
4.570	3.0920945659113	  0.0
4.661	3.0914519665615	  0.0
4.751	3.0908249150225	  0.0
4.842	3.0901981971552	  0.0
4.932	3.089584439819	  0.0
5.023	3.0889689423177	  0.0
5.113	3.0883642758973	  0.0
5.204	3.0877561145712	  0.0
5.294	3.08715702027	  0.0
5.385	3.0865529287467	  0.0
5.475	3.0859564342755	  0.0
5.566	3.0853536413469	  0.0
5.656	3.0847572140211	  0.0
5.747	3.0841533481583	  0.0
5.837	3.0835548112868	  0.0
5.928	3.0829478256224	  0.0
6.018	3.0823452925327	  0.0
6.109	3.081733405418	  0.0
6.199	3.081125226965	  0.0
6.290	3.0805068744881	  0.0
6.380	3.0798915969639	  0.0
6.471	3.0792653947336	  0.0
6.561	3.0786417258675	  0.0
6.652	3.0780064380325	  0.0
6.742	3.0773732193316	  0.0
6.833	3.0767277332927	  0.0
6.923	3.0760839173902	  0.0
7.014	3.0754272230218	  0.0
7.104	3.0747718550042	  0.0
7.195	3.0741030274722	  0.0
7.285	3.0734352293908	  0.0
7.376	3.0727534148555	  0.0
7.466	3.0720723727984	  0.0
7.557	3.0713767764457	  0.0
7.647	3.0706817296822	  0.0
7.738	3.0699716056422	  0.0
7.828	3.0692618374518	  0.0
7.919	3.0685364802561	  0.0
8.009	3.0678113101335	  0.0
8.100	3.0670700474324	  0.0
8.190	3.0663288244213	  0.0
8.281	3.0655710107358	  0.0
8.371	3.0648131076918	  0.0
8.462	3.0640381190196	  0.0
8.552	3.0632629276417	  0.0
8.643	3.0624701567693	  0.0
8.733	3.0616770832664	  0.0
8.824	3.0608659356679	  0.0
8.914	3.0600543969546	  0.0
9.005	3.0592242871766	  0.0
9.095	3.058393707508	  0.0
9.186	3.057544055961	  0.0
9.276	3.0566938639331	  0.0
9.367	3.0558240940196	  0.0
9.457	3.0549537198755	  0.0
9.548	3.0540632553998	  0.0
9.638	3.0531721285877	  0.0
9.729	3.0522603913992	  0.0
9.819	3.0513479383427	  0.0
9.910	3.0504143461726	  0.0
10.00	3.0494799882138   0.0
