61.99	0.7930	 0.4940	1.001E+6
63.58	0.8150	 0.4990	9.863E+5
65.26	0.8340	 0.4930	9.493E+5
67.02	0.8430	 0.4870	9.131E+5
68.88	0.8460	 0.4770	8.702E+5
70.85	0.8400	 0.4690	8.318E+5
72.93	0.8240	 0.4540	7.823E+5
75.14	0.7850	 0.4570	7.643E+5
77.49	0.7420	 0.4910	7.962E+5
79.99	0.7190	 0.5290	8.311E+5
82.66	0.6950	 0.5740	8.726E+5
85.51	0.6750	 0.6450	9.479E+5
88.56	0.6880	 0.7060	1.002E+6
91.84	0.7010	 0.7650	1.047E+6
95.37	0.7260	 0.8200	1.080E+6
99.19	0.7540	 0.8610	1.091E+6
103.3	0.7710	 0.8990	1.094E+6
107.8	0.7810	 0.9460	1.103E+6
112.7	0.7930	 0.9960	1.111E+6
118.1	0.7970	 1.056	1.124E+6
124.0	0.8060	 1.154	1.169E+6
125.2	0.8200	 1.172	1.176E+6
126.5	0.8320	 1.185	1.177E+6
127.8	0.8400	 1.198	1.178E+6
129.1	0.8470	 1.210	1.178E+6
130.5	0.8520	 1.225	1.180E+6
131.9	0.8590	 1.237	1.179E+6
133.3	0.8610	 1.253	1.181E+6
134.8	0.8650	 1.269	1.183E+6
136.2	0.8680	 1.287	1.187E+6
137.8	0.8720	 1.304	1.189E+6
139.3	0.8740	 1.324	1.194E+6
140.9	0.8750	 1.346	1.200E+6
142.5	0.8770	 1.375	1.213E+6
144.2	0.8850	 1.403	1.223E+6
145.9	0.8940	 1.433	1.234E+6
147.6	0.9090	 1.458	1.241E+6
149.4	0.9190	 1.486	1.250E+6
151.2	0.9340	 1.512	1.257E+6
151.3	0.9470	 1.539	1.278E+6
155.0	0.9600	 1.566	1.270E+6
156.9	0.9730	 1.594	1.277E+6
159.0	0.9840	 1.627	1.286E+6
161.0	1.000	 1.664	1.299E+6
163.1	1.022	 1.700	1.310E+6
165.3	1.046	 1.736	1.320E+6
167.5	1.072	 1.771	1.329E+6
169.8	1.100	 1.812	1.341E+6
172.2	1.136	 1.847	1.348E+6
174.6	1.174	 1.882	1.355E+6
177.1	1.215	 1.915	1.359E+6
179.7	1.261	 1.941	1.357E+6
182.3	1.307	 1.966	1.355E+6
185.1	1.354	 1.986	1.348E+6
187.9	1.402	 1.994	1.334E+6
190.7	1.453	 2.010	1.325E+6
193.7	1.496	 2.008	1.303E+6
196.8	1.526	 1.991	1.271E+6
200.0	1.525	 1.982	1.245E+6
203.3	1.508	 2.005	1.239E+6
206.6	1.336	 2.113	1.285E+6
208.7	1.318	 2.151	1.295E+6
210.1	1.301	 2.183	1.306E+6
212.3	1.301	 2.239	1.325E+6
213.8	1.299	 2.280	1.340E+6
216.0	1.311	 2.341	1.362E+6
217.5	1.325	 2.383	1.377E+6
219.8	1.352	 2.446	1.398E+6
221.4	1.375	 2.484	1.410E+6
223.8	1.407	 2.532	1.422E+6
225.4	1.426	 2.562	1.428E+6
227.9	1.447	 2.611	1.440E+6
229.6	1.455	 2.652	1.451E+6
232.2	1.467	 2.734	1.480E+6
233.9	1.482	 2.802	1.505E+6
236.6	1.519	 2.922	1.552E+6
238.4	1.558	 3.016	1.590E+6
241.2	1.649	 3.176	1.655E+6
243.1	1.745	 3.291	1.701E+6
246.0	1.958	 3.438	1.756E+6
248.0	2.131	 3.495	1.771E+6
251.0	2.391	 3.519	1.762E+6
253.0	2.546	 3.514	1.745E+6
256.2	2.782	 3.523	1.728E+6
258.3	2.984	 3.517	1.711E+6
261.6	3.344	 3.401	1.634E+6
263.8	3.560	 3.223	1.535E+6
267.2	3.757	 2.877	1.353E+6
269.5	3.800	 2.637	1.230E+6
273.1	3.759	 2.335	1.074E+6
275.5	3.697	 2.186	9.971E+5
279.2	3.593	 2.024	9.110E+5
281.8	3.527	 1.948	8.687E+5
285.7	3.437	 1.865	8.203E+5
288.3	3.384	 1.826	7.959E+5
292.4	3.314	 1.782	7.658E+5
295.2	3.275	 1.762	7.501E+5
299.5	3.224	 1.742	7.309E+5
302.4	3.196	 1.735	7.210E+5
306.9	3.161	 1.730	7.084E+5
310.0	3.141	 1.730	7.013E+5
314.7	3.119	 1.737	6.936E+5
317.9	3.108	 1.744	6.894E+5
322.9	3.097	 1.760	6.849E+5
326.3	3.095	 1.773	6.828E+5
331.5	3.097	 1.797	6.812E+5
335.1	3.103	 1.816	6.810E+5
340.6	3.118	 1.848	6.818E+5
344.4	3.133	 1.872	6.831E+5
350.2	3.165	 1.915	6.872E+5
354.2	3.193	 1.948	6.911E+5
360.4	3.248	 2.009	7.005E+5
364.7	3.299	 2.060	7.098E+5
371.2	3.426	 2.159	7.309E+5
375.7	3.576	 2.209	7.389E+5
382.7	3.819	 2.177	7.148E+5
387.5	3.976	 2.143	6.950E+5
394.8	4.296	 1.966	6.258E+5
400.0	4.415	 1.735	5.451E+5
407.8	4.433	 1.414	4.357E+5
413.3	4.395	 1.247	3.791E+5
421.7	4.314	 1.061	3.162E+5
427.5	4.256	 0.9640	2.834E+5
436.6	4.173	 0.8470	2.438E+5
442.8	4.121	 0.7860	2.231E+5
452.5	4.048	 0.7120	1.977E+5
459.2	4.004	 0.6670	1.825E+5
469.6	3.940	 0.6140	1.643E+5
476.9	3.903	 0.5790	1.526E+5
488.1	3.851	 0.5360	1.380E+5
495.9	3.818	 0.5110	1.295E+5
508.1	3.773	 0.4790	1.185E+5
516.6	3.745	 0.4570	1.112E+5
529.8	3.706	 0.4310	1.022E+5
539.1	3.682	 0.4160	96970
553.5	3.649	 0.3930	89220
563.6	3.629	 0.3800	84730
579.4	3.602	 0.3580	77650
590.4	3.585	 0.3470	73860
607.8	3.563	 0.3290	68020
619.9	3.549	 0.3170	64260
639.1	3.530	 0.2990	58790
652.6	3.517	 0.2930	56420
673.8	3.501	 0.2780	51850
688.8	3.492	 0.2700	49260
712.5	3.481	 0.2550	44970
729.3	3.476	 0.2420	41700
756.0	3.469	 0.2250	37400
774.9	3.467	 0.2180	35350
805.1	3.459	 0.2090	32620
826.6	3.456	 0.2030	30860
925.0	3.396	 3.550E-2 4823
930.0	3.391	 1.090E-2 1473
935.0	3.385	 5.900E-3 793.0
940.0	3.380	 3.180E-3 425.1
945.0	3.375	 9.670E-4 128.6
950.0	3.370	 5.270E-4 69.71
953.4	3.362	 2.810E-4 37.04
960.0	3.360	 7.390E-5 9.673
965.0	3.356	 3.920E-5 5.105
968.3	3.345	 2.460E-5 3.193
975.0	3.347	 1.130E-5 1.456
